Bitmap Software ontwikkeling emoties. 


bitmap_SmileyHappy [][] =
{
 {0,0,0,0,0,1,1,1,1,1,1,0,0,0,0,0},
 {0,0,0,1,1,1,1,1,1,1,1,1,1,0,0,0},
 {0,0,1,1,1,1,1,1,1,1,1,1,1,1,0,0},
 {0,1,1,1,1,0,0,1,1,0,0,1,1,1,1,0},
 {0,1,1,1,1,0,0,1,1,0,0,1,1,1,1,0},
 {1,1,1,1,1,0,0,1,1,0,0,1,1,1,1,1},
 {1,1,1,1,1,0,0,1,1,0,0,1,1,1,1,1},
 {1,1,1,1,1,1,1,1,1,1,1,1,1,1,1,1},
 {1,1,1,1,1,1,1,1,1,1,1,1,1,1,1,1},
 {1,1,1,0,0,1,1,1,1,1,1,0,0,1,1,1},
 {1,1,1,0,0,1,1,1,1,1,1,0,0,1,1,1},
 {0,1,1,0,0,0,1,1,1,1,0,0,0,1,1,0},
 {0,1,1,1,0,0,0,0,0,0,0,0,1,1,1,0},
 {0,0,1,1,1,0,0,0,0,0,0,1,1,1,0,0},
 {0,0,0,1,1,1,1,1,1,1,1,1,1,0,0,0},
 {0,0,0,0,0,1,1,1,1,1,1,0,0,0,0,0}
};

bitmap_SmileyAngry [][] =
{
 {0,0,0,0,0,1,1,1,1,1,1,0,0,0,0,0},
 {0,0,0,1,1,1,1,1,1,1,1,1,1,0,0,0},
 {0,0,1,1,1,1,1,1,1,1,1,1,1,1,0,0},
 {0,1,1,1,0,1,1,1,1,1,1,0,1,1,1,0},
 {0,1,1,1,1,0,1,1,1,1,0,1,1,1,1,0},
 {1,1,1,1,1,1,0,1,1,0,1,1,1,1,1,1},
 {1,1,1,1,1,0,0,1,1,0,0,1,1,1,1,1},
 {1,1,1,1,1,0,0,1,1,0,0,1,1,1,1,1},
 {1,1,1,1,1,0,0,1,1,0,0,1,1,1,1,1},
 {1,1,1,1,1,1,1,1,1,1,1,1,1,1,1,1},
 {1,1,1,1,1,1,1,1,1,1,1,1,1,1,1,1},
 {0,1,1,1,1,1,0,0,0,0,1,1,1,1,1,0},
 {0,1,1,1,1,0,0,1,1,0,0,1,1,1,1,0},
 {0,0,1,1,0,0,1,1,1,1,0,0,1,1,0,0},
 {0,0,0,1,1,1,1,1,1,1,1,1,1,0,0,0},
 {0,0,0,0,0,1,1,1,1,1,1,0,0,0,0,0}
};

bitmap_ArrowRight [][] =
{
 {0,0,0,0,0,0,0,0,1,0,0,0,0,0,0,0},
 {0,0,0,0,0,0,0,0,1,1,0,0,0,0,0,0},
 {0,0,0,0,0,0,0,0,1,1,1,0,0,0,0,0},
 {0,0,0,0,0,0,0,0,1,1,1,1,0,0,0,0},
 {0,0,0,0,0,0,0,0,1,1,1,1,1,0,0,0},
 {1,1,1,1,1,1,1,1,1,1,1,1,1,1,0,0},
 {1,1,1,1,1,1,1,1,1,1,1,1,1,1,1,0},
 {1,1,1,1,1,1,1,1,1,1,1,1,1,1,1,1},
 {1,1,1,1,1,1,1,1,1,1,1,1,1,1,1,1},
 {1,1,1,1,1,1,1,1,1,1,1,1,1,1,1,0},
 {1,1,1,1,1,1,1,1,1,1,1,1,1,1,0,0},
 {0,0,0,0,0,0,0,0,1,1,1,1,1,0,0,0},
 {0,0,0,0,0,0,0,0,1,1,1,1,0,0,0,0},
 {0,0,0,0,0,0,0,0,1,1,1,0,0,0,0,0},
 {0,0,0,0,0,0,0,0,1,1,0,0,0,0,0,0},
 {0,0,0,0,0,0,0,0,1,0,0,0,0,0,0,0}
};

bitmap_ArrowDown [][] =
{
 {0,0,0,0,0,1,1,1,1,1,1,0,0,0,0,0},
 {0,0,0,0,0,1,1,1,1,1,1,0,0,0,0,0},
 {0,0,0,0,0,1,1,1,1,1,1,0,0,0,0,0},
 {0,0,0,0,0,1,1,1,1,1,1,0,0,0,0,0},
 {0,0,0,0,0,1,1,1,1,1,1,0,0,0,0,0},
 {0,0,0,0,0,1,1,1,1,1,1,0,0,0,0,0},
 {0,0,0,0,0,1,1,1,1,1,1,0,0,0,0,0},
 {0,0,0,0,0,1,1,1,1,1,1,0,0,0,0,0},
 {1,1,1,1,1,1,1,1,1,1,1,1,1,1,1,1},
 {0,1,1,1,1,1,1,1,1,1,1,1,1,1,1,0},
 {0,0,1,1,1,1,1,1,1,1,1,1,1,1,0,0},
 {0,0,0,1,1,1,1,1,1,1,1,1,1,0,0,0},
 {0,0,0,0,1,1,1,1,1,1,1,1,0,0,0,0},
 {0,0,0,0,0,1,1,1,1,1,1,0,0,0,0,0},
 {0,0,0,0,0,0,1,1,1,1,0,0,0,0,0,0},
 {0,0,0,0,0,0,0,1,1,0,0,0,0,0,0,0},
};

bitmap_ArrowLeft [][] =
{
 {0,0,0,0,0,0,0,1,0,0,0,0,0,0,0,0},
 {0,0,0,0,0,0,1,1,0,0,0,0,0,0,0,0},
 {0,0,0,0,0,1,1,1,0,0,0,0,0,0,0,0},
 {0,0,0,0,1,1,1,1,0,0,0,0,0,0,0,0},
 {0,0,0,1,1,1,1,1,0,0,0,0,0,0,0,0},
 {0,0,1,1,1,1,1,1,1,1,1,1,1,1,1,1},
 {0,1,1,1,1,1,1,1,1,1,1,1,1,1,1,1},
 {1,1,1,1,1,1,1,1,1,1,1,1,1,1,1,1},
 {1,1,1,1,1,1,1,1,1,1,1,1,1,1,1,1},
 {0,1,1,1,1,1,1,1,1,1,1,1,1,1,1,1},
 {0,0,1,1,1,1,1,1,1,1,1,1,1,1,1,1},
 {0,0,0,1,1,1,1,1,0,0,0,0,0,0,0,0},
 {0,0,0,0,1,1,1,1,0,0,0,0,0,0,0,0},
 {0,0,0,0,0,1,1,1,0,0,0,0,0,0,0,0}, 
 {0,0,0,0,0,0,1,1,0,0,0,0,0,0,0,0},
 {0,0,0,0,0,0,0,1,0,0,0,0,0,0,0,0}
};

bitmap_ArrowUp [][] =
{
 {0,0,0,0,0,0,0,1,1,0,0,0,0,0,0,0},
 {0,0,0,0,0,0,1,1,1,1,0,0,0,0,0,0},
 {0,0,0,0,0,1,1,1,1,1,1,0,0,0,0,0},
 {0,0,0,0,1,1,1,1,1,1,1,1,0,0,0,0},
 {0,0,0,1,1,1,1,1,1,1,1,1,1,0,0,0},
 {0,0,1,1,1,1,1,1,1,1,1,1,1,1,0,0},
 {0,1,1,1,1,1,1,1,1,1,1,1,1,1,1,0},
 {1,1,1,1,1,1,1,1,1,1,1,1,1,1,1,1},
 {0,0,0,0,0,1,1,1,1,1,1,0,0,0,0,0},
 {0,0,0,0,0,1,1,1,1,1,1,0,0,0,0,0},
 {0,0,0,0,0,1,1,1,1,1,1,0,0,0,0,0},
 {0,0,0,0,0,1,1,1,1,1,1,0,0,0,0,0},
 {0,0,0,0,0,1,1,1,1,1,1,0,0,0,0,0},
 {0,0,0,0,0,1,1,1,1,1,1,0,0,0,0,0},
 {0,0,0,0,0,1,1,1,1,1,1,0,0,0,0,0},
 {0,0,0,0,0,1,1,1,1,1,1,0,0,0,0,0}
};


